Computed Coverage Lists for Datasets - Threshold Greedy

bibs2020_covList = [90.72,163.62,217.13,250.47,273.55,290.12,304.03,317.9,328.97,339.57,349.45,357.32,365.48,373.27,380.27,386.68,392.17,397.12,402.12,
406.7,411.03,415.37,419.98,423.98,427.98,431.65,435.98,440.98,445.32,449.65,454.23,456.9,460.3,463.57,466.47,469.83,472.93,474.37,475.6,477.38,478.58,
479.42,480.42,481.67,482.0,482.92,483.75,484.83,486.0,486.67,487.33,488.0,489.0,489.67,490.17,490.83,491.5,492.17,492.83,493.17,493.5,493.83,494.17,
494.5,494.83,495.17,495.5,495.83,496.17,496.5,496.83,497.17,497.5,497.83,498.17,498.5,498.83,499.17,499.5,499.83,500.17,500.5,500.75,501.0,501.25,
501.45,501.65,501.85,502.05,502.05,502.05,502.05,502.05,502.05,502.05,502.05,502.05,502.05,502.05,502.05]

bibs2015_covList = [1636.06,2962.07,3976.15,4773.0,5345.78,5810.93,6201.01,6538.07,6816.47,7051.95,7253.95,7437.05,7577.0,7686.22,7783.92,7868.37,7937.9,
7996.32,8046.61,8094.57,8137.25,8175.47,8213.75,8251.69,8280.44,8305.07,8326.32,8345.87,8365.06,8382.97,8399.72,8414.84,8427.81,8437.85,8448.09,8458.94,
8468.02,8476.77,8486.41,8494.05,8500.45,8508.31,8516.33,8525.04,8530.95,8535.84,8540.65,8544.1,8548.18,8550.25]

imdb2020_covList = [2056.52,3838.52,5505.95,6638.51,7306.9,7640.89,7783.11,7791.44,7796.42,7800.77,7804.77,7808.77,7812.77,7816.77,7820.77,7824.77,7828.77,
7832.77,7836.77,7840.77,7844.77,7848.77,7852.77,7854.93,7856.27,7857.43,7858.0,7858.0,7858.0,7858.0,7858.0,7858.0,7858.0,7858.0,7858.0,7858.0,7858.0,7858.0,
7858.0,7858.0,7858.0,7858.0,7858.0,7858.0,7858.0,7858.0,7858.0,7858.0,7858.0,7858.0]

imdb2018_covList = [3661.5,6743.72,9526.9,11258.07,12233.38,12759.82,12986.41,13017.97,13022.57,13027.31,13030.31,13033.63,13036.63,13039.63,13042.63,13045.63,
13048.63,13051.63,13054.63,13057.63,13060.63,13063.63,13066.63,13069.63,13072.63,13075.63,13078.63,13081.63,13084.63,13087.63,13090.63,13093.63,13096.63,13099.63,
13102.63,13105.63,13108.63,13111.63,13114.63,13117.63,13120.63,13123.63,13126.63,13129.63,13132.63,13135.63,13138.63,13141.63,13144.63,13147.63]